82 #Width Height
200 #Generations
16 11
60 12
61 41
50 25
32 65
42 23
65 15
70 40
57 18
55 39
27 77
26 14
50 18
63 8
49 2
33 51
71 0
42 16
36 26
6 69
45 74
9 72
45 67
14 6
51 9
24 45
69 32
43 8
66 11
19 55
29 74
28 48
37 28
22 55
47 40
34 39
41 38
68 43
10 37
38 43
38 14
50 6
3 70
22 0
30 43
60 73
49 54
1 56
2 28
77 74
33 6
24 66
13 25
48 0
43 72
39 3
68 36
24 75
67 40
10 43
54 2
23 50
43 37
56 47
32 15
42 49
3 17
51 11
29 48
10 42
61 10
32 12
32 7
4 30
28 9
12 37
35 39
26 77
11 37
46 31
36 3
9 10
70 54
12 68
60 25
63 78
66 8
0 17
63 71
12 39
2 41
46 59
66 14
11 38
80 25
79 5
15 12
70 77
26 13
17 29
44 28
21 39
21 74
13 66
21 26
21 79
76 55
77 73
72 60
24 30
55 10
61 26
65 0
60 38
22 37
47 14
53 66
61 35
12 79
48 45
2 4
61 80
54 12
1 18
9 46
43 65
61 41
52 28
30 79
53 48
56 20
71 2
36 22
49 75
51 58
71 41
76 30
41 54
24 66
53 49
58 76
75 60
45 65
35 10
62 33
15 66
11 16
39 1
12 7
54 18
1 19
29 13
0 46
36 72
73 67
18 47
32 12
76 74
56 8
27 70
3 26
21 62
68 76
16 35
37 34
46 21
51 9
17 15
73 71
54 14
77 62
52 80
58 13
12 41
60 51
1 57
30 3
77 9
57 1
43 51
76 54
4 38
62 74
16 59
27 44
28 55
43 5
39 7
28 56
53 56
25 40
18 45
48 25
26 60
2 9
50 21
26 19
37 59
46 47
50 22
19 20
54 54
16 28
11 49
17 4
2 18
55 52
46 24
72 40
19 65
41 17
53 75
69 73
15 37
64 0
68 24
12 46
59 44
74 22
49 31
11 3
15 68
31 20
19 36
32 18
59 72
71 54
54 52
49 19
27 3
15 76
54 54
71 73
78 5
62 73
71 39
8 42
12 33
67 59
33 59
3 4
20 40
77 17
75 59
61 0
8 66
21 40
33 37
33 13
32 66
54 13
68 34
13 72
17 11
42 7
79 11
55 54
75 55
77 17
16 24
20 7
0 25
20 20
78 53
28 38
4 39
41 24
26 17
64 8
56 24
20 33
5 14
35 76
35 24
52 12
79 21
7 4
41 72
7 57
29 14
18 0
2 71
51 31
50 34
36 34
60 30
4 15
43 79
28 49
36 51
31 17
59 22
63 15
62 42
55 2
49 58
16 77
13 61
54 25
11 26
67 46
35 2
7 5
31 14
77 56
55 49
51 35
78 45
17 5
39 9
79 79
47 38
24 26
16 69
7 76
56 15
23 21
64 80
34 32
79 74
34 14
6 11
62 76
79 27
5 65
59 29
24 25
76 72
39 75
39 55
55 72
49 58
40 17
51 16
80 22
11 42
74 72
21 56
43 7
50 63
7 74
41 36
7 56
73 8
22 42
80 63
22 79
23 62
27 65
22 72
69 79
75 63
38 65
15 41
0 73
29 6
11 19
10 4
33 80
61 2
67 22
24 40
37 43
3 36
43 22
46 24
1 40
80 61
2 7
47 21
73 16
38 18
2 11
33 63
19 39
34 40
34 62
7 65
39 11
57 72
55 53
41 27
44 4
45 33
52 75
79 69
31 42
77 39
57 37
48 73
65 61
60 13
50 37
51 36
19 62
3 2
43 41
7 0
59 35
75 28
45 14
19 20
32 8
72 33
70 47
52 69
38 4
67 54
2 62
4 62
64 13
19 44
63 56
79 27
77 24
26 27
49 36
27 29
80 77
18 23
5 18
73 57
41 77
50 44
24 62
68 49
2 34
37 39
69 63
37 38
19 37
73 9
44 78
60 41
53 9
53 32
45 63
21 31
5 12
16 51
66 35
39 62
33 39
65 8
70 80
64 66
34 42
59 30
60 10
52 23
71 74
71 19
6 15
70 59
30 79
20 73
62 41
71 72
40 67
46 79
13 63
9 22
62 11
9 42
39 76
44 57
66 25
21 21
73 29
67 43
27 73
57 28
47 15
10 40
60 57
51 68
50 42
65 55
62 19
26 37
64 22
25 52
19 28
22 10
41 79
34 36
12 20
69 26
44 14
60 50
15 72
19 11
61 69
6 53
80 47
38 63
68 46
74 25
63 55
20 46
46 57
62 38
12 55
67 80
61 41
75 79
61 47
1 34
61 72
20 33
32 27
52 55
9 49
27 41
71 5
76 79
3 76
69 34
39 60
25 53
0 73
50 0
6 71
63 57
54 78
53 16
13 16
39 17
71 19
51 78
12 57
69 70
73 70
77 52
47 75
43 54
72 59
30 35
76 49
58 55
79 27
23 31
43 19
33 75
61 33
2 49
40 8
34 19
73 3
6 23
9 66
15 52
20 28
42 60
70 3
73 68
31 54
32 18
66 33
43 44
40 44
30 27
34 71
63 5
61 12
21 43
76 16
55 10
51 80
59 76
57 33
49 40
0 54
41 44
8 67
21 51
38 52
39 0
71 12
61 14
71 16
29 14
19 22
9 52
35 16
47 17
44 9
20 75
23 64
14 12
67 42
76 28
70 54
79 74
61 38
12 11
29 31
60 65
28 69
23 9
44 45
30 44
71 50
20 23
71 54
76 38
9 25
35 37
79 11
78 80
63 62
79 60
30 68
13 66
31 76
66 34
58 56
19 6
23 69
2 53
14 21
60 53
74 33
56 47
73 16
31 2
8 42
59 20
0 36
6 66
76 55
9 23
41 61
73 58
17 75
74 72
0 31
79 68
38 1
50 57
65 1
21 55
79 45
24 59
26 37
42 67
1 55
6 19
42 60
42 61
25 44
21 15
2 70
42 53
54 21
80 80
35 70
37 59
10 0
44 20
43 45
24 22
73 18
24 23
55 68
62 42
35 77
22 57
26 55
50 33
23 17
20 20
20 63
22 44
74 5
21 30
52 54
23 71
65 20
20 26
10 14
64 18
76 12
34 24
44 73
11 59
63 60
24 11
60 59
10 44
49 55
8 38
79 41
17 29
79 59
25 74
63 8
37 54
66 11
38 58
75 73
33 75
3 55
15 69
33 27
58 16
67 41
62 20
9 41
46 48
3 66
25 39
20 54
45 65
33 8
47 16
40 8
78 70
30 28
55 13
72 49
7 34
25 51
63 3
1 29
21 42
35 30
66 79
22 73
63 26
11 4
32 78
52 51
19 25
55 45
58 43
12 56
13 2
55 5
29 62
61 60
17 78
28 63
33 69
40 0
53 73
68 36
68 28
29 43
77 43
42 29
33 65
57 68
42 57
39 49
71 23
44 28
72 39
27 8
78 40
62 47
14 27
69 65
42 57
69 37
56 11
13 69
0 57
43 1
18 57
5 58
42 47
17 7
19 60
75 21
35 34
7 22
40 44
70 68
21 80
28 52
80 28
75 38
2 60
59 20
4 10
38 12
76 74
62 10
17 1
73 31
68 45
62 44
31 46
65 31
29 20
5 75
58 12
60 2
21 65
54 42
53 18
20 72
69 40
44 28
77 47
3 32
60 80
43 0
32 8
20 46
74 27
56 2
12 76
4 20
39 52
78 40
31 19
79 80
10 19
48 34
24 3
18 11
33 62
39 18
12 37
39 55
34 15
2 30
35 22
61 76
75 25
22 63
49 22
77 21
28 61
10 3
29 61
58 12
42 49
52 37
30 16
12 76
57 42
23 8
48 37
8 2
48 69
78 74
69 37
37 80
39 32
53 12
22 4
12 14
32 39
43 31
55 65
51 54
35 6
0 68
49 39
2 5
13 69
73 63
19 70
78 38
19 75
26 28
44 74
59 29
37 45
10 38
1 48
19 64
36 24
9 40
2 42
54 48
71 39
47 43
28 62
53 41
39 65
80 2
62 3
78 63
50 46
28 74
23 50
25 47
30 19
9 35
35 75
20 61
36 52
7 38
8 38
30 9
70 65
52 57
50 32
70 78
54 60
72 78
65 51
3 12
78 27
8 78
68 6
68 59
55 44
46 36
47 6
44 76
9 64
18 26
61 10
52 37
29 36
58 55
36 7
68 61
72 0
5 37
76 4
55 24
9 41
63 62
18 61
70 18
74 39
18 44
60 71
11 58
78 60
52 7
58 46
27 71
68 44
54 45
19 78
79 60
37 41
28 25
4 34
32 70
79 44
41 79
52 0
13 64
46 40
77 67
66 37
35 36
49 6
39 70
30 6
40 22
45 77
3 46
34 2
36 68
23 44
47 42
80 60
43 8
1 4
75 7
61 12
5 17
70 7
66 1
7 46
39 19
59 64
52 40
7 24
32 30
75 10
27 54
59 4
22 54
53 71
65 36
22 43
77 46
77 75
15 13
40 1
55 52
25 6
76 72
15 77
38 47
59 61
22 23
48 21
65 63
5 78
29 20
54 32
69 7
79 48
11 49
70 43
14 80
75 52
67 65
62 21
24 62
61 30
8 34
17 57
28 78
19 27
45 58
15 2
73 78
3 14
45 70
54 9
44 41
26 7
9 41
75 26
28 13
47 33
53 12
78 26
48 79
9 56
71 9
46 7
13 76
66 38
47 23
80 46
56 27
21 26
59 33
40 70
48 10
63 54
40 59
60 49
45 49
43 15
18 78
11 19
23 8
12 26
55 12
26 25
48 69
45 72
29 78
60 33
17 61
60 46
48 59
58 56
59 52
49 5
36 14
67 24
25 19
22 7
64 31
19 55
52 15
35 71
21 34
24 5
16 21
21 1
44 62
60 5
21 12
17 71
26 16
54 56
56 32
21 77
69 73
39 18
59 6
48 25
26 72
49 29
16 46
23 22
38 15
31 37
15 66
10 34
23 32
0 18
26 33
50 51
43 77
32 7
68 11
69 79
71 51
32 4
43 27
13 57
72 41
33 8
30 53
50 43
36 33
40 65
40 73
10 33
38 4
5 9
34 63
53 30
73 16
25 9
66 11
19 73
27 40
29 28
14 44
2 59
19 67
56 53
41 38
60 62
65 8
16 19
53 45
31 44
72 44
28 57
39 27
64 36
56 49
25 44
26 40
76 49
8 56
60 18
78 71
62 47
60 20
34 33
46 75
67 12
61 21
6 6
26 3
48 59
1 48
15 38
74 63
62 9
80 51
59 5
78 15
17 0
55 39
75 24
40 8
44 11
33 77
3 61
21 76
26 68
80 64
80 75
24 34
77 41
65 56
53 9
50 25
41 79
13 54
11 31
48 43
9 47
34 60
61 75
60 55
58 71
67 22
28 57
48 33
72 29
19 70
15 72
25 64
62 25
71 59
51 48
36 10
45 15
52 80
5 68
77 8
9 73
12 75
30 31
13 56
64 74
23 28
77 73
9 54
76 30
67 5
76 18
80 69
14 31
7 63
6 8
45 47
7 19
0 23
5 20
0 67
6 69
21 50
38 1
33 77
19 69
42 22
10 17
56 74
64 11
8 9
70 20
65 34
57 42
43 40
32 60
72 14
76 79
60 31
38 27
80 47
66 63
17 43
51 56
53 77
23 19
20 63
23 4
79 10
31 80
38 58
29 32
69 74
20 29
0 75
15 15
64 79
67 48
36 47
46 51
16 0
6 23
56 49
40 12
53 8
40 31
10 33
7 28
74 15
55 58
26 57
74 46
69 66
79 52
59 78
62 2
21 5
44 55
32 77
75 21
38 45
48 12
74 42
47 76
72 20
44 23
6 62
38 43
23 44
21 24
51 2
2 67
2 12
35 18
47 40
47 39
46 73
58 9
68 66
80 28
23 31
38 29
39 50
69 57
21 56
9 39
9 8
39 57
15 21
29 55
26 31
41 36
68 45
18 27
2 80
65 2
7 58
56 67
23 43
73 48
21 80
8 18
26 10
51 4
59 24
32 53
49 13
6 25
79 32
71 16
21 73
49 64
2 39
29 37
41 33
29 10
37 25
11 60
50 62
20 40
31 17
71 20
0 31
0 12
25 18
41 10
53 62
48 53
55 50
27 22
44 6
63 40
68 38
7 25
41 11
74 19
54 15
73 31
72 58
27 74
45 20
25 71
78 15
59 30
52 18
62 0
40 73
22 31
34 4
41 8
26 9
62 37
44 54
17 11
11 38
30 56
59 22
59 55
31 72
19 70
4 41
13 4
32 55
7 50
66 0
79 64
36 7
54 25
47 1
78 64
68 30
35 72
70 76
71 45
11 71
64 64
70 60
39 78
64 70
27 65
20 51
58 56
7 7
47 41
28 58
2 44
75 68
69 74
56 58
12 64
43 15
70 72
42 61
49 1
72 72
64 2
53 0
7 54
55 7
8 60
19 11
38 59
67 39
67 57
66 19
50 36
48 13
31 40
34 9
37 38
43 49
3 0
45 23
8 12
52 49
34 13
53 61
31 37
12 79
6 14
38 54
3 9
60 68
50 41
40 9
58 27
36 2
1 31
25 72
58 77
39 23
27 26
46 26
53 67
61 49
44 60
73 51
18 68
59 75
64 29
20 59
40 37
0 13
52 55
48 73
0 51
49 2
56 37
62 50
70 0
72 18
76 44
5 76
17 24
54 54
55 74
28 34
76 72
28 21
73 4
50 69
15 0
76 54
78 29
68 9
77 62
55 64
20 61
16 74
32 65
28 26
38 58
6 52
71 45
1 14
47 40
53 74
7 26
54 11
51 65
56 41
64 52
65 69
33 44
45 5
14 44
74 15
54 51
69 5
38 62
78 65
27 16
66 31
61 14
61 13
79 1
16 62
29 47
56 71
60 50
29 56
4 8
3 77
25 14
68 6
24 4
8 47
73 40
32 79
73 30
51 32
12 68
12 19
52 65
9 40
42 59
7 3
44 73
1 2
15 51
27 62
0 34
57 2
53 38
4 70
20 26
77 74
5 35
75 19
79 57
51 75
15 3
57 44
78 50
7 26
67 15
32 17
4 61
0 44
28 24
17 4
16 34
59 47
51 73
48 75
6 80
45 10
22 49
63 38
28 35
0 58
22 35
28 11
46 14
37 72
60 5
29 55
65 63
18 80
3 60
54 56
41 38
51 29
48 18
1 58
41 17
23 55
6 37
4 18
75 31
26 21
25 24
13 76
80 33
75 47
27 65
42 28
11 7
46 78
11 9
61 38
7 14
65 25
50 24
62 37
0 1
24 74
17 67
22 73
67 24
42 37
47 31
56 33
5 31
2 59
61 80
3 55
6 44
56 75
80 31
47 71
24 53
79 57
73 70
77 68
9 3
33 51
26 26
64 57
64 11
13 11
43 34
1 55
13 77
37 78
41 51
48 37
8 8
72 0
45 49
17 10
35 40
59 75
45 6
4 60
1 64
15 74
7 72
5 12
10 79
28 1
34 12
76 67
35 2
32 34
41 19
46 35
71 53
57 21
43 42
34 44
25 14
12 51
64 16
6 72
27 51
11 9
11 17
72 19
54 22
62 30
71 3
49 63
40 15
27 0
40 47
29 13
10 38
65 17
42 59
68 78
7 31
57 58
36 35
2 34
60 18
47 22
46 17
44 37
52 76
16 48
8 5
5 21
34 7
47 48
72 77
38 24
29 77
67 40
19 61
18 25
10 10
21 2
60 26
34 59
7 69
3 22
3 33
47 14
76 49
22 22
32 36
48 13
34 48
38 45
46 9
8 17
51 21
61 77
56 67
75 73
76 75
23 53
22 69
75 44
23 25
50 11
12 63
25 3
11 30
5 21
35 19
19 29
78 79
74 13
80 20
58 4
13 77
58 60
72 23
62 67
43 48
12 49
31 6
36 78
28 62
35 5
32 29
74 6
5 38
21 54
69 80
59 36
66 38
47 80
3 48
2 22
15 42
43 55
78 38
5 10
0 18
71 57
66 0
25 52
80 5
17 80
17 65
43 53
74 5
18 50
32 4
8 66
27 79
56 20
8 47
67 75
13 28
28 29
69 75
9 47
62 23
56 49
68 64
39 13
0 80
26 79
37 41
40 5
22 6
17 17
74 60
48 20
58 34
45 61
10 80
68 48
80 74
7 80
31 72
34 22
64 63
4 60
57 63
22 71
10 22
30 46
30 73
40 30
28 6
44 19
1 10
1 65
19 54
27 60
66 36
4 69
35 45
80 5
65 3
39 47
36 48
42 25
2 36
37 20
79 68
76 28
21 34
47 48
72 78
37 53
17 58
10 26
70 62
9 54
25 6
8 45
2 32
48 51
31 75
33 34
21 20
23 49
73 70
58 68
26 72
50 32
11 45
10 73
30 58
12 23
54 64
35 52
52 55
78 31
59 44
63 37
57 63
61 60
80 67
73 60
0 13
61 49
12 72
75 9
42 72
38 48
47 4
62 75
20 2
51 69
4 58
